4390511361425207126578966255763930024875152071
55750313614215625207151794813614230202124875152071
6229662487514491105959941363852071136142109560
2487515207113614227150452071337164622966248751
52071109560156230202186597424875154892051794852071
557503136142156252071520715489202487515719301562
6625575489202487515207166255751794852071336505
32290978961488592478961428335484257278961479853
322909842572242826242826322909885924885924283354
9245257985388592456029179853283354242826242826
2428262428262428262428262428265207152071337164
1361425207133716462296624875152071109560248751
22222154892024875151794833716452071337164248751
10956052071302021662557449110449110662557136142
109560538702538702538702538702538702
