63865265302716070465024165473655485680230559369038777729444
45562781829205284692897686815417829881056961832216115317898
20460589362801323929762577133117399057734152783792526485442
74157842827398640134917984119025144961790042871393071778683
22719853523116517207360514957604652597363320564390237008450
77607129743780627967224961031744349187044374962408983403115
89190669682794327861474236827286023497537881173470977274227
65217031126489729690567531075302277220820405542831298617215
54687574044390341029111990317202726277646860042558954566700
52998858521528796653954728239162534000950908449757174818174
41372308707226852479742033983877017430717568801036541310559
26760351549267948018379292874530480738923530350591845844444
10287466568146516836529865413292921187162044068228112604252
61742504386957953630337948955767003816005330120870492885029
51771445048568365127671225619406343524783995593108889609193
99876710554647762152195646072546783442816169528229047624986
10890924018054162445628891512594146994849674547673470829618
53230316681019988214589484802557365105717340143864930668607
82999237083071455931611001167812818600282751328591487427859
